#!/usr/bin/env python
import numpy as np

# Kinect camera params
# CAMERA_FX = 601.1693115234375
# CAMERA_FY = 600.85931396484375
# CAMERA_X0 = 637.83624267578125
# CAMERA_Y0 = 363.8018798828125
# ZED2i camera params (2K resolution)
CAMERA_FX = 1054.1060791015625
CAMERA_FY = 1054.1060791015625
CAMERA_X0 = 1071.0810546875
CAMERA_Y0 = 609.8790893554688
CAMERA_INTRINSIC_MATRIX = np.array([
    [CAMERA_FX, 0, CAMERA_X0],
    [0, CAMERA_FY, CAMERA_Y0],
    [0, 0, 0],
])

CAMERA_LEFT_TO_CAMBASE = np.eye(4)


CAMERA_DISTORTION_MATRIX = np.array([0.0, 0.0, 0.0, 0.0, 0.0])
# CAMERA_EXTRINSIC_MATRIX = np.array([
#     [ 2.64861807e-02,  2.10343236e-02,  9.99427856e-01,  3.20288480e+02],
#     [-9.99617239e-01, -7.43484368e-03,  2.66476760e-02, -2.80052384e+01],
#     [ 7.99110572e-03, -9.99751109e-01,  2.08293518e-02,  3.22873779e+01],
#     [ 0.00000000e+00,  0.00000000e+00,  0.00000000e+00,  1.00000000e+00]])
# CAMERA_EXTRINSIC_MATRIX = np.array([
#     [2.83741668e-02,  2.72081487e-02,  9.99227013e-01, 3.25083137e+02],
#     [-9.99564632e-01, -7.31827163e-03,  2.85830245e-02, -4.0e+01],
#     [ 8.09030588e-03, -9.99603001e-01,  2.69886533e-02, 5.3160906e+01],
    # [ 0.00000000e+00,  0.00000000e+00,  0.00000000e+00, 1.00000000e+00]])
CAMERA_EXTRINSIC_MATRIX_LEFT = np.array([
    [ 2.43174055e-01, 4.17035628e-01, 8.75755482e-01, 8.03204928e+02],
    [-9.69837350e-01, 1.20162694e-01, 2.12076500e-01, 2.79747132e+02],
    [-1.67896816e-02,-9.00911878e-01, 4.33677178e-01, 2.39746310e+01],
    [ 0.00000000e+00, 0.00000000e+00, 0.00000000e+00, 1.00000000e+00]])

T_LEFTOPT_TO_CAMBASE = np.array([
    [-2.54647768e-06,-1.00000000e+00,-2.21118682e-06, 0.06000206],
    [-1.18207736e-06, 2.21118983e-06,-1.00000000e+00, 0.01500371],
    [ 1.00000000e+00,-2.54647507e-06,-1.18208299e-06, 0.00999971],
    [ 0.00000000e+00, 0.00000000e+00, 0.00000000e+00, 1.00000000e+00]])

T_LEFTOPT_TO_LEFT = np.array([
    [0, -1, 0, 0],
    [0, 0, -1, 0],
    [1, 0, 0, 0],
    [0, 0, 0, 1],
])

T_LEFT_TO_BASE = np.array([
    [ 8.63025654e-01, 2.17483965e-01, 4.55946758e-01,-7.57363109e-01],
    [-2.54927862e-01, 9.66722985e-01, 2.14115706e-02,-6.55265642e-02],
    [-4.36117537e-01,-1.34712267e-01, 8.89749458e-01, 3.67292056e-01],
    [ 0.00000000e+00, 0.00000000e+00, 0.00000000e+00, 1.00000000e+00]
])

T_BASE_TO_LEFT = np.array([
 [ 0.86302565, -0.25492786, -0.43611754,  0.79710175],
 [ 0.21748397,  0.96672299, -0.13471227,  0.27753911],
 [ 0.45594676,  0.02141157,  0.88974946,  0.01992237],
 [ 0.,          0.,          0.,          1.        ],
])